>GGGTTCGA	1-GGGTTCGA	7.154630	-39.472598	0	T:22.0(31.88%),B:953.0(2.74%),P:1e-17	Tpos:97.8,Tstd:36.4,Bpos:99.6,Bstd:104.5,StrandBias:0.1,Multiplicity:1.00
0.208	0.183	0.608	0.001
0.062	0.042	0.871	0.025
0.065	0.025	0.887	0.023
0.001	0.031	0.041	0.927
0.001	0.001	0.001	0.997
0.027	0.952	0.001	0.020
0.015	0.001	0.983	0.001
0.997	0.001	0.001	0.001
>TTCCGCGS	2-TTCCGCGS	4.918252	-18.162904	0	T:41.0(59.42%),B:9319.4(26.82%),P:1e-7	Tpos:88.6,Tstd:51.6,Bpos:99.6,Bstd:134.6,StrandBias:-0.3,Multiplicity:1.65
0.143	0.261	0.001	0.595
0.020	0.344	0.001	0.635
0.143	0.498	0.223	0.137
0.001	0.974	0.001	0.024
0.018	0.380	0.579	0.023
0.025	0.725	0.147	0.103
0.131	0.237	0.631	0.001
0.120	0.404	0.453	0.023
>AGTGGTTA	3-AGTGGTTA	9.372559	-17.839800	0	T:11.0(15.94%),B:571.3(1.64%),P:1e-7	Tpos:109.5,Tstd:54.4,Bpos:92.0,Bstd:116.3,StrandBias:0.3,Multiplicity:1.00
0.997	0.001	0.001	0.001
0.001	0.001	0.997	0.001
0.001	0.001	0.001	0.997
0.001	0.001	0.997	0.001
0.001	0.001	0.997	0.001
0.001	0.001	0.001	0.997
0.211	0.001	0.001	0.787
0.866	0.001	0.001	0.132
>TTTTTTAT	4-TTTTTTAT	7.500917	-16.329389	0	T:28.0(40.58%),B:4952.1(14.25%),P:1e-7	Tpos:93.6,Tstd:61.5,Bpos:99.2,Bstd:87.7,StrandBias:-0.4,Multiplicity:1.43
0.227	0.002	0.001	0.770
0.001	0.001	0.001	0.997
0.001	0.001	0.001	0.997
0.136	0.038	0.107	0.719
0.139	0.141	0.056	0.664
0.261	0.090	0.051	0.598
0.717	0.253	0.001	0.029
0.091	0.068	0.011	0.830
>CACGGCTA	5-CACGGCTA	7.384388	-13.592714	0	T:11.0(15.94%),B:877.5(2.52%),P:1e-5	Tpos:89.1,Tstd:54.8,Bpos:98.2,Bstd:101.3,StrandBias:0.5,Multiplicity:1.09
0.075	0.923	0.001	0.001
0.812	0.186	0.001	0.001
0.001	0.875	0.123	0.001
0.001	0.001	0.997	0.001
0.001	0.001	0.997	0.001
0.144	0.643	0.212	0.001
0.001	0.001	0.156	0.842
0.857	0.141	0.001	0.001
>KAGAAGTC	6-KAGAAGTC	8.597645	-12.347662	0	T:10.0(14.49%),B:805.9(2.32%),P:1e-5	Tpos:89.5,Tstd:44.9,Bpos:100.2,Bstd:79.1,StrandBias:0.0,Multiplicity:1.00
0.001	0.001	0.424	0.574
0.997	0.001	0.001	0.001
0.001	0.001	0.997	0.001
0.997	0.001	0.001	0.001
0.997	0.001	0.001	0.001
0.216	0.001	0.782	0.001
0.001	0.001	0.001	0.997
0.001	0.677	0.321	0.001
>MCMCMCAC	7-MCMCMCAC	4.668350	-3.423677	0	T:28.0(40.58%),B:10261.8(29.53%),P:1e-1	Tpos:90.9,Tstd:43.2,Bpos:97.3,Bstd:127.2,StrandBias:0.6,Multiplicity:1.57
0.401	0.406	0.157	0.036
0.226	0.618	0.150	0.006
0.393	0.540	0.051	0.016
0.144	0.717	0.060	0.079
0.434	0.515	0.009	0.042
0.193	0.710	0.079	0.018
0.554	0.297	0.075	0.074
0.151	0.733	0.109	0.007
